Aduwa  (913,902)  (865,915)  (884,854)  (932,854)  (961,902)  (980,835)  (989,950)  (1009,883)  (1037,931)  (1037,979)  (1085,927)  (1085,975)  (1133,959) 
Aduwa E Coast  (951,997) 
Aduwa N Coast  (1022,819) 
Aki-Aki  (1345,862)  (1393,844)  (1393,892)  (1441,827)  (1441,875) 
Aki-Aki E Coast  (1439,922) 
Aki-Aki W Coast  (1257,870) 
Ambo  (675,975)  (627,933)  (683,927)  (723,975)  (731,925)  (771,973) 
Ambo S Coast  (700,1051) 
Ambo W Coast  (570,946) 
Andres  (2123,137)  (2075,167)  (2114,89)  (2162,89)  (2171,137)  (2210,83)  (2219,131)  (2267,92)  (2267,140)  (2315,120) 
Andres Coast  (2225,40) 
Anyang  (478,323)  (430,370)  (476,275)  (524,275)  (526,323)  (572,265)  (574,313) 
Babruysk  (1388,102)  (1340,56)  (1435,150)  (1387,150)  (1388,54)  (1436,54)  (1436,102)  (1483,150)  (1363,198)  (1484,56)  (1531,104)  (1531,152)  (1235,250)  (1187,257)  (1103,62)  (1094,183)  (1087,135)  (1055,87) 
Babruysk E Coast  (1582,129) 
Babruysk N Coast  (1285,9) 
Bac Lieu  (602,443)  (554,490)  (554,442)  (649,491)  (602,395)  (650,395)  (650,443)  (601,538)  (506,499)  (506,451)  (697,491)  (684,539)  (698,368)  (698,416)  (636,586)  (745,464)  (746,371)  (793,419)  (793,467)  (841,474)  (889,512) 
Bari  (2019,754)  (1971,762)  (2067,726)  (2067,774)  (2115,721)  (2115,769) 
Billings  (502,1171)  (549,1219)  (501,1219)  (484,1123)  (532,1123)  (550,1171)  (597,1219)  (566,1267)  (598,1155) 
Billings N Coast  (499,1069) 
Billings S Coast  (502,1299) 
Billings W Coast  (438,1189) 
Cartagena  (2061,879)  (2013,896)  (2013,848)  (2108,927)  (2109,847)  (1965,873)  (2156,895)  (2156,943)  (2108,975)  (2157,844)  (2204,892)  (2205,798)  (2252,846)  (2252,894)  (2253,783)  (2300,831) 
Cartagena Coast  (2146,1023) 
Chefoe  (182,166)  (134,213)  (229,214)  (148,118)  (196,118)  (230,166)  (244,104)  (181,261)  (277,214)  (277,262)  (229,262)  (278,152)  (301,310)  (253,310) 
Chefoe N Coast  (113,58) 
Chefoe W Coast  (97,277) 
Cork  (2197,1192)  (2215,1240)  (2245,1151)  (2167,1246)  (2263,1199)  (2293,1120) 
Cork N Coast  (2222,1090) 
Cork S Coast  (2280,1267) 
Culiacan  (1766,268)  (1810,316)  (1762,316)  (1762,220)  (1810,220)  (1814,268)  (1778,364)  (1764,172)  (1812,172)  (1862,225)  (1787,124) 
Culiacan N Coast  (1771,77) 
Culiacan W Coast  (1715,209) 
Dominica  (1866,378)  (1818,425)  (1884,330)  (1914,378)  (1932,322)  (1770,461)  (1962,370)  (1918,274)  (2010,346)  (2010,394)  (1922,226) 
Dominica S Coast  (1824,474) 
Dominica W Coast  (1691,433) 
Eastern Sea  (1997,1067)  (1949,1089)  (2045,1084)  (2093,1094)  (2259,1037)  (2307,1001)  (2355,969)  (2355,1017)  (2381,921)  (2397,871)  (2403,969)  (2403,1017)  (2428,823)  (2429,919)  (2445,871)  (2448,771)  (2451,967)  (2459,722)  (2464,600)  (2466,648) 
Galway  (1915,1232)  (1867,1265)  (1962,1280)  (1929,1184)  (1963,1232)  (1977,1178)  (2010,1280)  (2011,1226)  (2058,1274)  (2059,1188)  (2106,1277)  (2107,1188) 
Galway N Coast  (1964,1130) 
Galway NW Coast  (1840,1190) 
Galway S Coast  (2031,1317) 
Galway SW Coast  (1848,1313) 
Gondar  (659,855)  (611,880)  (707,841)  (755,835)  (803,824) 
Gondar N Coast  (678,803) 
Gondar W Coast  (550,858) 
Harbin  (691,177)  (643,215)  (643,167)  (738,225)  (739,162)  (690,263)  (786,210)  (739,273)  (787,159)  (835,145)  (835,193)  (883,119)  (883,167)  (923,71)  (931,119)  (931,167)  (979,156) 
Harbin Coast  (722,103) 
Helena  (1504,1197)  (1551,1245)  (1503,1245)  (1552,1189)  (1567,1134)  (1599,1237)  (1600,1182)  (1647,1230)  (1357,1159)  (1309,1155) 
Helena E Coast  (1631,1101) 
Helena N Coast  (1426,1130) 
Helena S Coast  (1587,1297) 
Ice Sea  (2335,1296)  (2287,1327)  (2375,1248)  (2382,1344)  (2383,1296)  (2239,1344)  (2399,1200)  (2423,1248)  (2430,1344)  (2431,1296)  (2447,1168)  (2471,1216)  (2418,1120)  (2466,1120) 
Imphal  (774,623)  (726,665)  (726,617)  (774,575)  (822,575)  (822,623)  (678,667)  (870,583)  (870,631)  (918,602)  (918,650)  (966,657) 
Imphal Coast  (731,704) 
Ivanovo  (1198,336)  (1245,384)  (1197,384)  (1246,307)  (1227,432)  (1179,432)  (1294,298)  (1342,276) 
Ivanovo Coast  (1208,497) 
Juwara  (90,1137)  (137,1185)  (89,1185)  (80,1089)  (128,1089)  (138,1137)  (176,1086)  (91,1233)  (186,1134) 
Juwara Coast  (29,1230) 
Juwara Sea  (6,1312)  (54,1342)  (102,1344)  (0,1049)  (297,1344) 
Kazan  (953,427)  (905,431)  (905,383)  (1000,475)  (953,379)  (1001,379)  (1001,427)  (857,372)  (1048,475)  (1048,523)  (1000,523)  (1041,331)  (1049,379)  (1049,427)  (829,324)  (1089,291)  (1096,475)  (1096,523)  (1082,571)  (1034,571)  (1041,283)  (1097,353)  (1097,401)  (1068,619)  (1017,235)  (1050,667) 
Kazan Coast  (1102,653) 
Kirov  (1395,363)  (1347,410)  (1442,411)  (1415,315)  (1443,363)  (1463,295)  (1415,267)  (1491,343)  (1491,391)  (1463,247)  (1511,247)  (1511,295) 
Kirov E Coast  (1541,335) 
Kirov S Coast  (1331,454) 
Kowloon  (333,617)  (285,664)  (285,616)  (380,665)  (333,569)  (381,569)  (381,617)  (283,568)  (428,665)  (331,521)  (429,568)  (429,616)  (243,520)  (476,664)  (291,473)  (477,567)  (477,615)  (524,663)  (258,425)  (525,565)  (525,613)  (572,661) 
Kowloon S Coast  (480,716) 
Kowloon W Coast  (215,628) 
Leon  (2014,252)  (2062,221)  (2062,269)  (2110,228)  (2110,276) 
Lodwar  (81,936)  (128,984)  (80,984)  (61,888)  (109,888)  (129,936)  (176,984) 
Lodwar E Coast  (224,953) 
Lodwar N Coast  (19,836) 
Lodwar W Coast  (26,979) 
Lubo  (393,124)  (345,131)  (345,83)  (440,172)  (441,84)  (392,179)  (488,132)  (488,180)  (423,227)  (375,227)  (536,120)  (536,168)  (403,275)  (376,323) 
Lubo Coast  (368,29) 
Malden  (1308,752)  (1308,800)  (1356,724)  (1356,772)  (1404,735) 
Malden Coast  (1251,755) 
Mersin  (2167,621)  (2119,665)  (2119,617)  (2214,669)  (2167,573)  (2215,573)  (2215,621)  (2114,569)  (2071,643)  (2262,669)  (2262,717)  (2263,556)  (2263,604)  (2066,595)  (2310,652)  (2310,700)  (2311,546)  (2311,594)  (2358,642)  (2358,690)  (2359,579) 
Mersin E Coast  (2416,697) 
Mersin N Coast  (2156,524) 
Nicosia  (1792,721)  (1839,769)  (1791,769)  (1776,673)  (1824,673)  (1840,721)  (1872,641)  (1887,769)  (1887,817)  (1839,817)  (1791,817)  (1888,689)  (1920,618)  (1936,666)  (1968,612)  (1984,660) 
Nicosia N Coast  (1822,591) 
Nicosia NW Coast  (1724,716) 
Nicosia W Coast  (1725,807) 
North Central Ocean  (1578,716)  (1613,764)  (1578,668)  (1626,668)  (1626,716)  (1614,812)  (1566,812)  (1658,620)  (1582,860)  (1555,908) 
North Sea  (101,0)  (516,0)  (53,38)  (41,87)  (564,0)  (5,39)  (612,0)  (653,48)  (660,0)  (701,48)  (708,0)  (749,48)  (756,0)  (804,0)  (852,0)  (1581,0) 
Oaxaca  (1908,109)  (1956,89)  (1956,137)  (2004,82) 
Oaxaca Coast  (1920,47) 
Palma  (1794,966)  (1758,918)  (1806,918)  (1842,966)  (1854,913)  (1890,961)  (1938,933) 
Palma S Coast  (1902,1045) 
Palma W Coast  (1710,986) 
Palmyra  (1344,640)  (1296,662)  (1392,623)  (1392,671)  (1440,621)  (1440,669) 
Palmyra E Coast  (1525,667) 
Palmyra N Coast  (1425,566) 
Palmyra W Coast  (1265,591) 
Pskov  (1190,139)  (1237,187)  (1189,187)  (1238,96)  (1285,144) 
Reno  (799,1149)  (751,1158)  (847,1127)  (847,1175)  (703,1153)  (895,1123)  (895,1171)  (943,1111)  (943,1159)  (943,1207)  (991,1120)  (991,1168)  (1039,1151)  (1087,1169) 
Reno Coast  (935,1078) 
Sea of Doom  (1999,484)  (1951,511)  (2047,473)  (1903,519)  (2095,474)  (2143,472)  (2191,470)  (1799,554)  (2239,461)  (1751,566)  (2287,450)  (2335,426)  (2362,374)  (2382,474)  (2383,422)  (2390,326)  (2410,374)  (2426,522)  (2430,470)  (2431,422)  (2438,324)  (2458,372) 
Sea of Leon  (1906,6)  (1954,0)  (1858,7)  (1810,8)  (1762,22)  (1714,34)  (2326,0)  (2374,0)  (2417,48)  (2422,0)  (2429,266)  (2437,207)  (2439,96)  (2442,144)  (2465,48)  (2470,0) 
Sea of Lodwar  (247,856)  (204,808)  (295,818)  (295,866)  (150,788)  (343,818)  (343,866)  (102,786)  (390,914)  (391,821)  (428,962)  (54,788)  (438,869)  (476,917)  (476,965)  (6,798)  (486,835)  (524,946) 
Sea of No Return  (1502,1337)  (1550,1341)  (1454,1344)  (1598,1341)  (1646,1339)  (1694,1330)  (1742,1281)  (1742,1329)  (1790,1322) 
Sea of Peace  (1520,493)  (1472,513)  (1568,467)  (1568,515)  (1424,521)  (1590,563)  (1542,563)  (1593,418)  (1594,370)  (1616,466)  (1616,514)  (1641,418)  (1642,344)  (1664,510)  (1595,296)  (1643,296)  (1602,248)  (1650,248)  (1615,200)  (1663,200)  (1625,152)  (1673,113) 
Sea of Tebuk  (323,1054)  (368,1102)  (297,1006)  (345,1006)  (371,1054)  (271,958)  (319,958)  (406,1261) 
South Central Sea  (883,1037)  (931,1032)  (1101,1065)  (1149,1064)  (1197,1038)  (572,1039)  (1245,1029)  (524,1036)  (1293,1021)  (476,1036)  (1341,1030)  (1389,1031)  (1437,1029)  (1446,1077)  (1485,1020) 
Southern Ocean  (479,1344)  (431,1344) 
St Lucia  (2154,338)  (2106,385)  (2184,386)  (2201,290)  (2202,338)  (2249,243)  (2250,291)  (2250,339)  (2297,203)  (2298,251) 
St Lucia E Coast  (2384,242) 
St Lucia S Coast  (2196,419) 
Tebuk  (228,1209)  (180,1256)  (275,1257)  (254,1161)  (276,1209)  (302,1160)  (324,1208)  (256,1112) 
Tebuk E Coast  (342,1141) 
Tebuk S Coast  (186,1309) 
The Blue Sea  (651,757)  (699,754)  (589,779)  (541,785)  (493,775)  (1030,758)  (1078,756)  (1098,804)  (1126,738)  (1146,689)  (1146,786)  (1146,834)  (1157,640)  (1174,737)  (1181,591)  (1194,688)  (1194,785)  (1194,833)  (1205,639)  (1208,881)  (1229,548)  (1234,929)  (1277,526)  (1325,497) 
The Passage  (1598,1030)  (1591,982)  (1639,982)  (1646,1030)  (1620,934)  (1694,1060)  (1728,1108)  (1649,886)  (1760,1156)  (1765,1204)  (1776,1101)  (1808,1149) 
Threat  (2519,1391) 
Tomsk  (891,257)  (938,305)  (939,238) 
Waco  (1245,1240)  (1197,1277)  (1197,1229)  (1293,1211)  (1293,1259)  (1341,1210)  (1341,1258)  (1389,1217) 
Waco S Coast  (1205,1307) 
Waco SE Coast  (1365,1311) 
Wealth Roll  (390,460) 
Western Ocean  (44,491)  (91,539)  (43,539)  (0,443)  (48,443)  (92,491)  (96,439)  (139,539)  (139,587)  (91,587)  (43,587)  (0,395)  (48,395)  (140,487)  (96,391)  (144,391)  (144,439)  (162,635)  (114,635)  (66,635)  (18,635)  (0,347)  (48,347)  (176,683)  (128,683)  (80,683)  (32,683)  (0,299)  (193,731)  (0,251)  (313,761)  (0,203)  (361,760) 
Yorkton  (724,1248)  (676,1279)  (676,1231)  (772,1221)  (772,1269)  (820,1239)  (868,1254)  (916,1266)  (964,1266)  (1012,1266)  (1060,1256) 
Yorkton Coast  (807,1308) 
